ANDES 1.10.1
Copyright (C) 2015-2026 Hantao Cui

ANDES comes with ABSOLUTELY NO WARRANTY
Case file: C:\Users\DELL\.vscode\appElectrisimBackend\appElectrisimBackend\.venv\lib\site-packages\andes\cases\kundur\kundur_full.xlsx
Report time: 07/29/2026 01:35:28 PM

Power flow converged in 5 iterations.
Flat-start: No


EIGENVALUE ANALYSIS REPORT                                    

Positives                          0
Zeros                              1
Negatives                         52

STATISTICS
                     Most Associated              Real             Imag.      Damped Freq.         Frequency       Damping [%]

#1                      LL_x EXDC2 1                -1                 0                 0                 0                 0
#2                      LL_x EXDC2 2                -1                 0                 0                 0                 0
#3                      LL_x EXDC2 3                -1                 0                 0                 0                 0
#4                      LL_x EXDC2 4                -1                 0                 0                 0                 0
#5                      LS_y EXDC2 1           -49.541                 0                 0                 0                 0
#6                      LS_y EXDC2 1           -49.526                 0                 0                 0                 0
#7                      LA_y EXDC2 3           -49.199            0.4645          0.073927            7.8306            99.996
#8                      LA_y EXDC2 3           -49.199           -0.4645          0.073927            7.8306            99.996
#9                      LS_y EXDC2 1           -49.203           0.34143           0.05434            7.8312            99.998
#10                     LS_y EXDC2 1           -49.203          -0.34143           0.05434            7.8312            99.998
#11                     LA_y EXDC2 1            -48.88                 0                 0                 0                 0
#12                     LA_y EXDC2 4           -48.894                 0                 0                 0                 0
#13                     e2d GENROU 2           -36.947                 0                 0                 0                 0
#14                     e2d GENROU 2           -36.835                 0                 0                 0                 0
#15                     e2d GENROU 1           -35.008                 0                 0                 0                 0
#16                     e2q GENROU 2           -32.947                 0                 0                 0                 0
#17                     e2d GENROU 3           -34.234                 0                 0                 0                 0
#18                     e2q GENROU 3           -33.592                 0                 0                 0                 0
#19                     e2q GENROU 1           -25.659                 0                 0                 0                 0
#20                     e2q GENROU 4           -27.372                 0                 0                 0                 0
#21                   delta GENROU 3          -0.63757            7.1716            1.1414            1.1459            8.8553
#22                   delta GENROU 3          -0.63757           -7.1716            1.1414            1.1459            8.8553
#23                   delta GENROU 2          -0.60472            6.9605            1.1078             1.112            8.6553
#24                   delta GENROU 2          -0.60472           -6.9605            1.1078             1.112            8.6553
#25                   delta GENROU 4          -0.13953            4.0646            0.6469           0.64728            3.4309
#26                   delta GENROU 4          -0.13953           -4.0646            0.6469           0.64728            3.4309
#27                     e1d GENROU 2           -5.4114                 0                 0                 0                 0
#28                     e1d GENROU 3           -5.3661                 0                 0                 0                 0
#29                     e1d GENROU 4           -4.0692                 0                 0                 0                 0
#30                     e1d GENROU 2           -3.6197                 0                 0                 0                 0
#31                       vp EXDC2 1           -3.0656                 0                 0                 0                 0
#32                       vp EXDC2 3           -3.0747                 0                 0                 0                 0
#33                      W_x EXDC2 2           -0.8615            1.1346           0.18058           0.22673            60.473
#34                      W_x EXDC2 2           -0.8615           -1.1346           0.18058           0.22673            60.473
#35                      W_x EXDC2 4           -2.3797                 0                 0                 0                 0
#36                    LAG_y TGOV1 1           -1.9957                 0                 0                 0                 0
#37                    LAG_y TGOV1 4           -2.0181                 0                 0                 0                 0
#38                    LAG_y TGOV1 2           -2.0115                 0                 0                 0                 0
#39                    LAG_y TGOV1 3           -1.5036                 0                 0                 0                 0
#40                      W_x EXDC2 2           -1.2992                 0                 0                 0                 0
#41                      W_x EXDC2 4          -0.52944           0.72774           0.11582           0.14323             58.83
#42                      W_x EXDC2 4          -0.52944          -0.72774           0.11582           0.14323             58.83
#43*                  delta GENROU 2       -1.2767e-14                 0                 0                 0                 0
#44                     LL_x TGOV1 2          -0.31381            0.4309           0.06858          0.084839             58.87
#45                     LL_x TGOV1 2          -0.31381           -0.4309           0.06858          0.084839             58.87
#46                      W_x EXDC2 2          -0.35935           0.38457          0.061206          0.083769            68.275
#47                      W_x EXDC2 2          -0.35935          -0.38457          0.061206          0.083769            68.275
#48                      W_x EXDC2 3          -0.35991           0.37877          0.060283          0.083158            68.883
#49                      W_x EXDC2 3          -0.35991          -0.37877          0.060283          0.083158            68.883
#50                     LL_x TGOV1 1          -0.14146                 0                 0                 0                 0
#51                     LL_x TGOV1 2          -0.14203                 0                 0                 0                 0
#52                     LL_x TGOV1 3          -0.14202                 0                 0                 0                 0

EIGENVALUE DATA
                                  #1                #2                #3                #4                #5                #6                #7

delta GENROU 1                     0                 0                 0                 0             4e-05             1e-05                 0
delta GENROU 2                     0                 0                 0                 0             6e-05             2e-05                 0
delta GENROU 3                     0                 0                 0                 0             2e-05             6e-05             1e-05
delta GENROU 4                     0                 0                 0                 0             1e-05             4e-05                 0
omega GENROU 1                     0                 0                 0                 0             2e-05             1e-05                 0
omega GENROU 2                     0                 0                 0                 0             2e-05             1e-05                 0
omega GENROU 3                     0                 0                 0                 0             1e-05             3e-05                 0
omega GENROU 4                     0                 0                 0                 0             1e-05             2e-05                 0
e1q GENROU 1                       0                 0                 0                 0           0.00234             0.001           0.00128
e1q GENROU 2                       0                 0                 0                 0           0.00208           0.00056           0.00201
e1q GENROU 3                       0                 0                 0                 0           0.00086           0.00216           0.00221
e1q GENROU 4                       0                 0                 0                 0           0.00066           0.00268           0.00151
e1d GENROU 1                       0                 0                 0                 0                 0                 0                 0
e1d GENROU 2                       0                 0                 0                 0                 0                 0                 0
e1d GENROU 3                       0                 0                 0                 0                 0                 0                 0
e1d GENROU 4                       0                 0                 0                 0                 0                 0                 0
e2d GENROU 1                       0                 0                 0                 0            0.0172           0.00747           0.01262
e2d GENROU 2                       0                 0                 0                 0           0.01419           0.00382           0.01894
e2d GENROU 3                       0                 0                 0                 0           0.00517           0.01308           0.01846
e2d GENROU 4                       0                 0                 0                 0           0.00485           0.01984           0.01481
e2q GENROU 1                       0                 0                 0                 0           0.00043           0.00025           0.00128
e2q GENROU 2                       0                 0                 0                 0           0.00129           0.00057           0.00075
e2q GENROU 3                       0                 0                 0                 0           0.00043           0.00152           0.00069
e2q GENROU 4                       0                 0                 0                 0           0.00013           0.00059           0.00126
LAG_y TGOV1 1                      0                 0                 0                 0                 0                 0                 0
LAG_y TGOV1 2                      0                 0                 0                 0                 0                 0                 0
LAG_y TGOV1 3                      0                 0                 0                 0                 0                 0                 0
LAG_y TGOV1 4                      0                 0                 0                 0                 0                 0                 0
LL_x TGOV1 1                       0                 0                 0                 0                 0                 0                 0
LL_x TGOV1 2                       0                 0                 0                 0                 0                 0                 0
LL_x TGOV1 3                       0                 0                 0                 0                 0                 0                 0
LL_x TGOV1 4                       0                 0                 0                 0                 0                 0                 0
vp EXDC2 1                         0                 0                 0                 0           0.00093           0.00041           0.00127
vp EXDC2 2                         0                 0                 0                 0           0.00082           0.00023           0.00198
vp EXDC2 3                         0                 0                 0                 0           0.00043           0.00114           0.00279
vp EXDC2 4                         0                 0                 0                 0           0.00028           0.00119            0.0016
LS_y EXDC2 1                       0                 0                 0                 0           0.64024            0.2657           0.17299
LS_y EXDC2 2                       0                 0                 0                 0           0.22028            0.0576           0.10483
LS_y EXDC2 3                       0                 0                 0                 0           0.03948           0.09648           0.05038
LS_y EXDC2 4                       0                 0                 0                 0            0.0233            0.0912           0.02615
LL_x EXDC2 1                 0.57316                 0                 0                 0                 0                 0                 0
LL_x EXDC2 2                       0           0.57316                 0                 0                 0                 0                 0
LL_x EXDC2 3                       0                 0                 1                 0                 0                 0                 0
LL_x EXDC2 4                       0                 0                 0           0.60183                 0                 0                 0
LA_y EXDC2 1                       0                 0                 0                 0           0.17241            0.0748           0.11605
LA_y EXDC2 2                       0                 0                 0                 0           0.15965           0.04364           0.18928
LA_y EXDC2 3                       0                 0                 0                 0           0.06224           0.15902           0.19789
LA_y EXDC2 4                       0                 0                 0                 0           0.05784           0.23667           0.16174
W_x EXDC2 1                        0                 0                 0                 0            0.0001             5e-05             7e-05
W_x EXDC2 2                        0                 0                 0                 0           0.00013             4e-05           0.00016
W_x EXDC2 3                        0                 0                 0                 0             5e-05           0.00013           0.00016
W_x EXDC2 4                        0                 0                 0                 0             4e-05           0.00017           0.00012

PARTICIPATION FACTORS [1/8]
                                  #8                #9               #10               #11               #12               #13               #14

delta GENROU 1                     0             1e-05             1e-05             4e-05             2e-05           0.00031           0.00046
delta GENROU 2                     0                 0                 0             6e-05             2e-05           0.00067           0.00062
delta GENROU 3                 1e-05             1e-05             1e-05             2e-05             6e-05           0.00076           0.00053
delta GENROU 4                     0             1e-05             1e-05             1e-05             5e-05           0.00033           0.00046
omega GENROU 1                     0             1e-05             1e-05             2e-05             1e-05           0.00013           0.00019
omega GENROU 2                     0                 0                 0             2e-05             1e-05           0.00026           0.00024
omega GENROU 3                     0                 0                 0             1e-05             3e-05           0.00036           0.00025
omega GENROU 4                     0             1e-05             1e-05             1e-05             2e-05           0.00016           0.00021
e1q GENROU 1                 0.00128           0.00211           0.00211           0.00238           0.00098           0.00019           0.00028
e1q GENROU 2                 0.00201            0.0022            0.0022            0.0021           0.00054           0.00034           0.00028
e1q GENROU 3                 0.00221           0.00202           0.00202           0.00083           0.00218           0.00037           0.00029
e1q GENROU 4                 0.00151           0.00204           0.00204           0.00064           0.00272            0.0002           0.00028
e1d GENROU 1                       0                 0                 0                 0                 0             2e-05             2e-05
e1d GENROU 2                       0                 0                 0                 0                 0            0.0001           0.00012
e1d GENROU 3                       0                 0                 0                 0                 0           0.00013           0.00015
e1d GENROU 4                       0                 0                 0                 0                 0             2e-05             1e-05
e2d GENROU 1                 0.01262           0.01963           0.01963           0.01997           0.00825           0.17172           0.24433
e2d GENROU 2                 0.01894           0.01967           0.01967           0.01634           0.00418           0.31344           0.26036
e2d GENROU 3                 0.01846           0.01579           0.01579           0.00573           0.01504           0.30512           0.23356
e2d GENROU 4                 0.01481           0.01876           0.01876           0.00536           0.02276           0.17968           0.24004
e2q GENROU 1                 0.00128           0.00111           0.00111           0.00047           0.00026           0.00104            0.0008
e2q GENROU 2                 0.00075           0.00014           0.00014           0.00138           0.00059           0.00474           0.00587
e2q GENROU 3                 0.00069           0.00039           0.00039           0.00044           0.00162           0.00621           0.00719
e2q GENROU 4                 0.00126           0.00117           0.00117           0.00013           0.00063           0.00097           0.00067
LAG_y TGOV1 1                      0                 0                 0                 0                 0                 0                 0
LAG_y TGOV1 2                      0                 0                 0                 0                 0                 0                 0
LAG_y TGOV1 3                      0                 0                 0                 0                 0                 0                 0
LAG_y TGOV1 4                      0                 0                 0                 0                 0                 0                 0
LL_x TGOV1 1                       0                 0                 0                 0                 0                 0                 0
LL_x TGOV1 2                       0                 0                 0                 0                 0                 0                 0
LL_x TGOV1 3                       0                 0                 0                 0                 0                 0                 0
LL_x TGOV1 4                       0                 0                 0                 0                 0                 0                 0
vp EXDC2 1                   0.00127           0.00208           0.00208           0.00568           0.00223           0.00011           0.00016
vp EXDC2 2                   0.00198           0.00216           0.00216           0.00499           0.00123           0.00018           0.00014
vp EXDC2 3                   0.00279           0.00253           0.00253           0.00252           0.00635           0.00025           0.00019
vp EXDC2 4                    0.0016           0.00215           0.00215           0.00164           0.00664           0.00012           0.00017
LS_y EXDC2 1                 0.17299           0.30465           0.30465           0.26375           0.10961           0.00069             0.001
LS_y EXDC2 2                 0.10483            0.1226            0.1226           0.08965           0.02341           0.00045           0.00036
LS_y EXDC2 3                 0.05038           0.04904           0.04904           0.01547           0.04122           0.00021           0.00016
LS_y EXDC2 4                 0.02615           0.03771           0.03771           0.00914           0.03906             9e-05           0.00013
LL_x EXDC2 1                       0                 0                 0                 0                 0                 0                 0
LL_x EXDC2 2                       0                 0                 0                 0                 0                 0                 0
LL_x EXDC2 3                       0                 0                 0                 0                 0                 0                 0
LL_x EXDC2 4                       0                 0                 0                 0                 0                 0                 0
LA_y EXDC2 1                 0.11605           0.20334           0.20334           0.42753           0.17011           0.00052           0.00075
LA_y EXDC2 2                 0.18928           0.22025           0.22025           0.39112           0.09777           0.00091           0.00072
LA_y EXDC2 3                 0.19789           0.19163           0.19163           0.14678           0.37455           0.00092            0.0007
LA_y EXDC2 4                 0.16174             0.232             0.232           0.13662           0.55882           0.00065           0.00088
W_x EXDC2 1                    7e-05           0.00013           0.00013           0.00027           0.00011                 0                 0
W_x EXDC2 2                  0.00016           0.00018           0.00018           0.00033             8e-05                 0                 0
W_x EXDC2 3                  0.00016           0.00016           0.00016           0.00012           0.00031                 0                 0
W_x EXDC2 4                  0.00012           0.00017           0.00017            0.0001           0.00041                 0                 0

PARTICIPATION FACTORS [2/8]
                                 #15               #16               #17               #18               #19               #20               #21

delta GENROU 1               0.00109           0.00025           0.00111           0.00063           0.00037                 0           0.00427
delta GENROU 2                 7e-05           0.00143             3e-05           0.00154           0.00012             3e-05           0.01402
delta GENROU 3                 6e-05           0.00105            0.0001           0.00253           0.00026             3e-05           0.30877
delta GENROU 4               0.00092           0.00021           0.00175           0.00039             5e-05             3e-05           0.19203
omega GENROU 1               0.00044            0.0001           0.00045           0.00026           0.00015                 0           0.00176
omega GENROU 2                 3e-05           0.00055             1e-05           0.00059             5e-05             1e-05           0.00551
omega GENROU 3                 3e-05           0.00049             5e-05           0.00119           0.00012             2e-05           0.14846
omega GENROU 4               0.00043            0.0001           0.00082           0.00019             2e-05             1e-05           0.09233
e1q GENROU 1                 0.00054           0.00062           0.00029           0.00013             1e-05             3e-05             5e-05
e1q GENROU 2                 0.00043           0.00034           0.00047             2e-05             5e-05           0.00012           0.00024
e1q GENROU 3                 0.00038           0.00022            0.0006             8e-05             6e-05             6e-05           0.00355
e1q GENROU 4                 0.00052            0.0004           0.00034           0.00033             2e-05             2e-05           0.00348
e1d GENROU 1                 0.00091           0.00359           0.00313            0.0053           0.04598           0.02593           0.00029
e1d GENROU 2                 0.00158           0.00934           0.00158           0.00807           0.03758           0.01294           0.00103
e1d GENROU 3                 0.00069           0.00665           0.00236           0.01181            0.0241           0.02266             0.028
e1d GENROU 4                 0.00061           0.00269           0.00466           0.00435           0.03222              0.04            0.0097
e2d GENROU 1                 0.28518           0.13653           0.13716           0.01025           0.00659           0.00051             7e-05
e2d GENROU 2                 0.15284           0.11602           0.14116           0.01052           0.01531           0.00202           0.00025
e2d GENROU 3                 0.12963           0.06471           0.16341           0.03791            0.0134           0.00523           0.00355
e2d GENROU 4                 0.26285           0.08842            0.1506           0.07644           0.00856           0.00217           0.00381
e2q GENROU 1                 0.02976           0.07898           0.08798           0.13197           0.25887           0.20223           0.00016
e2q GENROU 2                 0.05184           0.20672            0.0446           0.20167            0.2126           0.10141           0.00055
e2q GENROU 3                 0.02212            0.1442           0.06537           0.28913           0.13354           0.17394           0.01464
e2q GENROU 4                 0.01939             0.058           0.12836           0.10591           0.17761           0.30536           0.00505
LAG_y TGOV1 1                      0                 0                 0                 0                 0                 0             7e-05
LAG_y TGOV1 2                      0                 0                 0                 0                 0                 0           0.00023
LAG_y TGOV1 3                      0                 0                 0                 0                 0                 0           0.00451
LAG_y TGOV1 4                      0                 0                 0                 0                 0                 0            0.0028
LL_x TGOV1 1                       0                 0                 0                 0                 0                 0                 0
LL_x TGOV1 2                       0                 0                 0                 0                 0                 0             1e-05
LL_x TGOV1 3                       0                 0                 0                 0                 0                 0            0.0002
LL_x TGOV1 4                       0                 0                 0                 0                 0                 0           0.00012
vp EXDC2 1                   0.00023           0.00034             9e-05           0.00012             9e-05             4e-05             2e-05
vp EXDC2 2                   0.00028             9e-05           0.00028             4e-05           0.00025           0.00011             3e-05
vp EXDC2 3                   0.00029             9e-05           0.00044             1e-05           0.00032           0.00015           0.00071
vp EXDC2 4                   0.00025           0.00023           0.00013           0.00022           0.00014             4e-05           0.00043
LS_y EXDC2 1                 0.00122           0.00153           0.00047           0.00058           0.00023           0.00011             1e-05
LS_y EXDC2 2                 0.00058           0.00016           0.00054             7e-05           0.00024           0.00012                 0
LS_y EXDC2 3                 0.00021             5e-05           0.00029                 0           0.00011             6e-05             4e-05
LS_y EXDC2 4                 0.00016           0.00013             8e-05           0.00012             4e-05             1e-05             2e-05
LL_x EXDC2 1                       0                 0                 0                 0                 0                 0                 0
LL_x EXDC2 2                       0                 0                 0                 0                 0                 0                 0
LL_x EXDC2 3                       0                 0                 0                 0                 0                 0                 0
LL_x EXDC2 4                       0                 0                 0                 0                 0                 0                 0
LA_y EXDC2 1                  0.0009           0.00112           0.00035           0.00042           0.00017             8e-05                 0
LA_y EXDC2 2                 0.00115           0.00032           0.00107           0.00015           0.00046           0.00024             1e-05
LA_y EXDC2 3                 0.00089           0.00022           0.00126             2e-05           0.00045           0.00024           0.00014
LA_y EXDC2 4                  0.0011           0.00084           0.00053           0.00083           0.00027             9e-05           0.00012
W_x EXDC2 1                        0                 0                 0                 0                 0                 0                 0
W_x EXDC2 2                        0                 0                 0                 0                 0                 0                 0
W_x EXDC2 3                        0                 0                 0                 0                 0                 0             3e-05
W_x EXDC2 4                        0                 0                 0                 0                 0                 0             3e-05

PARTICIPATION FACTORS [3/8]
                                 #22               #23               #24               #25               #26               #27               #28

delta GENROU 1               0.00427           0.20419           0.20419           0.11667           0.11667           0.02008           0.00757
delta GENROU 2               0.01402           0.29521           0.29521           0.05616           0.05616           0.02267            0.0023
delta GENROU 3               0.30877           0.00626           0.00626            0.1131            0.1131           0.00713           0.01872
delta GENROU 4               0.19203           0.01252           0.01252            0.1985            0.1985           0.00398           0.02436
omega GENROU 1               0.00176           0.08409           0.08409            0.0496            0.0496           0.00773           0.00291
omega GENROU 2               0.00551           0.11613           0.11613           0.02282           0.02282           0.00833           0.00085
omega GENROU 3               0.14846           0.00301           0.00301           0.05633           0.05633           0.00319           0.00838
omega GENROU 4               0.09233           0.00603           0.00603           0.09881           0.09881           0.00178           0.01091
e1q GENROU 1                   5e-05           0.00396           0.00396           0.00374           0.00374           0.00149           0.00055
e1q GENROU 2                 0.00024           0.00324           0.00324           0.00324           0.00324           0.00127           0.00011
e1q GENROU 3                 0.00355             6e-05             6e-05           0.00241           0.00241           0.00042           0.00107
e1q GENROU 4                 0.00348           0.00025           0.00025           0.00328           0.00328           0.00028           0.00189
e1d GENROU 1                 0.00029           0.00864           0.00864           0.00031           0.00031           0.36158           0.11029
e1d GENROU 2                 0.00103           0.02682           0.02682           0.00036           0.00036           0.45875           0.08714
e1d GENROU 3                   0.028           0.00051           0.00051           0.00375           0.00375           0.13536           0.45397
e1d GENROU 4                  0.0097           0.00056           0.00056           0.00303           0.00303            0.0699           0.38764
e2d GENROU 1                   7e-05           0.00407           0.00407           0.00137           0.00137           0.00032             8e-05
e2d GENROU 2                 0.00025           0.00342           0.00342           0.00113           0.00113           0.00071           0.00016
e2d GENROU 3                 0.00355             5e-05             5e-05            0.0009            0.0009           0.00019           0.00067
e2d GENROU 4                 0.00381           0.00024           0.00024           0.00138           0.00138             7e-05           0.00036
e2q GENROU 1                 0.00016           0.00449           0.00449           0.00012           0.00012           0.01875           0.00588
e2q GENROU 2                 0.00055           0.01401           0.01401           0.00015           0.00015           0.02391           0.00467
e2q GENROU 3                 0.01464           0.00026           0.00026           0.00148           0.00148           0.00691           0.02384
e2q GENROU 4                 0.00505           0.00028           0.00028           0.00119           0.00119           0.00355           0.02025
LAG_y TGOV1 1                  7e-05           0.00356           0.00356            0.0053            0.0053           0.00137           0.00053
LAG_y TGOV1 2                0.00023           0.00515           0.00515           0.00255           0.00255           0.00154           0.00016
LAG_y TGOV1 3                0.00451            0.0001            0.0001           0.00456           0.00456           0.00043           0.00115
LAG_y TGOV1 4                 0.0028           0.00019           0.00019             0.008             0.008           0.00024            0.0015
LL_x TGOV1 1                       0           0.00018           0.00018            0.0005            0.0005             6e-05             2e-05
LL_x TGOV1 2                   1e-05           0.00026           0.00026           0.00023           0.00023             7e-05             1e-05
LL_x TGOV1 3                  0.0002                 0                 0           0.00038           0.00038             2e-05             5e-05
LL_x TGOV1 4                 0.00012             1e-05             1e-05           0.00067           0.00067             1e-05             6e-05
vp EXDC2 1                     2e-05            0.0005            0.0005           0.00171           0.00171           0.00374           0.00127
vp EXDC2 2                     3e-05           0.00056           0.00056           0.00177           0.00177            0.0046           0.00075
vp EXDC2 3                   0.00071             5e-05             5e-05           0.00047           0.00047           0.00186           0.00573
vp EXDC2 4                   0.00043             4e-05             4e-05            0.0005            0.0005           0.00079           0.00501
LS_y EXDC2 1                   1e-05            0.0002            0.0002           0.00047           0.00047           0.00054           0.00018
LS_y EXDC2 2                       0             9e-05             9e-05           0.00019           0.00019           0.00026             4e-05
LS_y EXDC2 3                   4e-05                 0                 0             2e-05             2e-05             4e-05           0.00011
LS_y EXDC2 4                   2e-05                 0                 0             2e-05             2e-05             1e-05             8e-05
LL_x EXDC2 1                       0                 0                 0                 0                 0                 0                 0
LL_x EXDC2 2                       0                 0                 0                 0                 0                 0                 0
LL_x EXDC2 3                       0                 0                 0                 0                 0                 0                 0
LL_x EXDC2 4                       0                 0                 0                 0                 0                 0                 0
LA_y EXDC2 1                       0           0.00012           0.00012           0.00025           0.00025           0.00062           0.00021
LA_y EXDC2 2                   1e-05           0.00015           0.00015           0.00027           0.00027            0.0008           0.00013
LA_y EXDC2 3                 0.00014             1e-05             1e-05             5e-05             5e-05           0.00024           0.00073
LA_y EXDC2 4                 0.00012             1e-05             1e-05             8e-05             8e-05           0.00015           0.00091
W_x EXDC2 1                        0             3e-05             3e-05           0.00025           0.00025           0.00049           0.00017
W_x EXDC2 2                        0             4e-05             4e-05           0.00036           0.00036           0.00083           0.00014
W_x EXDC2 3                    3e-05                 0                 0             7e-05             7e-05           0.00025           0.00077
W_x EXDC2 4                    3e-05                 0                 0             9e-05             9e-05           0.00013           0.00084

PARTICIPATION FACTORS [4/8]
                                 #29               #30               #31               #32               #33               #34               #35

delta GENROU 1                0.0014           0.00529           0.00564           0.00128           0.13459           0.13459           0.00153
delta GENROU 2               0.00573           0.00203           0.00715           0.00071           0.01744           0.01744           0.00466
delta GENROU 3               0.00132           0.00326           0.00157           0.00706           0.09284           0.09284           0.01376
delta GENROU 4               0.00055           0.00066            0.0006           0.00583           0.02819           0.02819            0.0022
omega GENROU 1               0.00051           0.00186            0.0018           0.00041           0.08705           0.08705            0.0003
omega GENROU 2                 0.002           0.00068           0.00219           0.00022           0.01183           0.01183           0.00091
omega GENROU 3               0.00056           0.00133           0.00058           0.00262           0.06823           0.06823            0.0032
omega GENROU 4               0.00023           0.00027           0.00022           0.00216           0.01902           0.01902           0.00048
e1q GENROU 1                  0.0004           0.00215           0.01425            0.0016           0.11795           0.11795           0.04208
e1q GENROU 2                 0.00159           0.00486           0.01108           0.00228           0.12934           0.12934           0.03749
e1q GENROU 3                 0.00169           0.00452           0.00141           0.01248           0.06819           0.06819           0.05283
e1q GENROU 4                   7e-05           0.00208           0.00281           0.01243           0.05824           0.05824           0.05468
e1d GENROU 1                 0.18886           0.14195           0.02956           0.00279           0.04621           0.04621           0.00829
e1d GENROU 2                 0.14237           0.15407           0.02131           0.00565           0.04502           0.04502           0.00096
e1d GENROU 3                 0.20233           0.10126           0.00192           0.02527           0.02266           0.02266           0.00799
e1d GENROU 4                 0.29838            0.1008           0.00812           0.02954           0.02357           0.02357           0.01786
e2d GENROU 1                   3e-05           0.00016           0.00058             6e-05           0.00186           0.00186           0.00123
e2d GENROU 2                   9e-05           0.00035           0.00038             9e-05             0.002             0.002           0.00109
e2d GENROU 3                 0.00012           0.00028             4e-05            0.0004           0.00097           0.00097           0.00121
e2d GENROU 4                   1e-05           0.00015           0.00012            0.0005           0.00094           0.00094           0.00146
e2q GENROU 1                 0.01956            0.0176           0.00447           0.00042           0.01309           0.01309           0.00155
e2q GENROU 2                 0.01481           0.01919           0.00324           0.00086           0.01281           0.01281           0.00018
e2q GENROU 3                 0.02062           0.01235           0.00028           0.00375           0.00632           0.00632           0.00147
e2q GENROU 4                 0.03025           0.01223            0.0012           0.00436           0.00654           0.00654           0.00328
LAG_y TGOV1 1                0.00025           0.00144           0.00326           0.00073           0.06218           0.06218           0.00472
LAG_y TGOV1 2                  0.001           0.00056           0.00414            0.0004           0.00884           0.00884           0.01513
LAG_y TGOV1 3                 0.0002           0.00079           0.00079           0.00353           0.03693           0.03693           0.03857
LAG_y TGOV1 4                  8e-05           0.00016           0.00031           0.00291            0.0103            0.0103           0.00572
LL_x TGOV1 1                   1e-05             7e-05           0.00015             3e-05           0.02195           0.02195           0.00013
LL_x TGOV1 2                   5e-05             3e-05           0.00019             2e-05           0.00305           0.00305           0.00041
LL_x TGOV1 3                   1e-05             3e-05             3e-05           0.00015           0.01157           0.01157           0.00095
LL_x TGOV1 4                       0             1e-05             1e-05           0.00012           0.00323           0.00323           0.00014
vp EXDC2 1                   0.00164           0.01878           0.15716           0.01813           0.04649           0.04649           0.07865
vp EXDC2 2                   0.00635           0.04239           0.11734           0.02607           0.05063           0.05063           0.07004
vp EXDC2 3                   0.00919           0.05006           0.01879           0.17865           0.03465           0.03465           0.12089
vp EXDC2 4                   0.00033           0.01937           0.03337           0.15373            0.0249            0.0249           0.10618
LS_y EXDC2 1                   9e-05           0.00045           0.00229           0.00025           0.00763           0.00763           0.00527
LS_y EXDC2 2                 0.00013           0.00039           0.00066           0.00014           0.00321           0.00321           0.00181
LS_y EXDC2 3                   7e-05           0.00016             4e-05           0.00033           0.00075           0.00075           0.00107
LS_y EXDC2 4                       0             6e-05             6e-05           0.00026           0.00049           0.00049           0.00085
LL_x EXDC2 1                       0                 0                 0                 0                 0                 0                 0
LL_x EXDC2 2                       0                 0                 0                 0                 0                 0                 0
LL_x EXDC2 3                       0                 0                 0                 0                 0                 0                 0
LL_x EXDC2 4                       0                 0                 0                 0                 0                 0                 0
LA_y EXDC2 1                 0.00018           0.00173           0.01102           0.00128           0.00198           0.00198           0.00343
LA_y EXDC2 2                 0.00073           0.00406           0.00856           0.00191           0.00225           0.00225           0.00318
LA_y EXDC2 3                 0.00078           0.00357           0.00102           0.00974           0.00114           0.00114           0.00408
LA_y EXDC2 4                   4e-05           0.00197           0.00258           0.01195           0.00117           0.00117           0.00511
W_x EXDC2 1                  0.00041           0.00629           0.08057           0.00922           0.09031           0.09031           0.08183
W_x EXDC2 2                  0.00223           0.01978           0.08382           0.01848           0.13705           0.13705           0.10154
W_x EXDC2 3                  0.00235           0.01706           0.00981            0.0925            0.0685            0.0685           0.12803
W_x EXDC2 4                  0.00011           0.00821           0.02167           0.09904           0.06126           0.06126           0.13992

PARTICIPATION FACTORS [5/8]
                                 #36               #37               #38               #39               #40               #41               #42

delta GENROU 1               0.02023           0.00254           0.00369           0.04841            0.1907            0.0113            0.0113
delta GENROU 2               0.00915           0.00087           0.01392           0.01797            0.0482           0.01179           0.01179
delta GENROU 3               0.00446           0.00189           0.00941           0.02436           0.12856           0.01152           0.01152
delta GENROU 4               0.01433           0.00518           0.00683           0.00617           0.01403           0.01072           0.01072
omega GENROU 1               0.00108             6e-05           0.00012           0.11161           0.21603           0.01311           0.01311
omega GENROU 2               0.00046             2e-05           0.00044           0.11972           0.10758           0.01101           0.01101
omega GENROU 3               0.00026             5e-05           0.00035           0.22305           0.26673           0.01431           0.01431
omega GENROU 4               0.00084           0.00015           0.00025           0.09018           0.05395           0.01553           0.01553
e1q GENROU 1                 0.01715           0.00136           0.00688           0.03938           0.14125           0.05136           0.05136
e1q GENROU 2                 0.00639           0.00021           0.00319           0.04366           0.16891            0.0416            0.0416
e1q GENROU 3                 0.00176           0.00106           0.00201            0.0179           0.09838           0.08576           0.08576
e1q GENROU 4                 0.00602           0.00296           0.00624           0.01512           0.07799           0.10042           0.10042
e1d GENROU 1                 0.00846             5e-05           0.00148           0.03174           0.08893           0.00184           0.00184
e1d GENROU 2                 0.00817             4e-05           0.00323           0.03272           0.09479           0.00213           0.00213
e1d GENROU 3                 0.00395             3e-05           0.00238           0.01359           0.05428           0.00176           0.00176
e1d GENROU 4                 0.00508           0.00024           0.00194           0.01339           0.05163           0.00108           0.00108
e2d GENROU 1                 0.00022             1e-05           0.00013           0.00029           0.00072           0.00093           0.00093
e2d GENROU 2                   6e-05             2e-05             3e-05            0.0003           0.00083           0.00074           0.00074
e2d GENROU 3                   2e-05             4e-05             1e-05           0.00014           0.00047           0.00109           0.00109
e2d GENROU 4                   1e-05             3e-05             8e-05           0.00014           0.00042           0.00151           0.00151
e2q GENROU 1                 0.00177             1e-05           0.00031           0.00754           0.02223           0.00055           0.00055
e2q GENROU 2                 0.00172             1e-05           0.00067           0.00781           0.02381           0.00064           0.00064
e2q GENROU 3                 0.00081             1e-05           0.00049           0.00318           0.01336           0.00052           0.00052
e2q GENROU 4                 0.00104             5e-05            0.0004           0.00312           0.01264           0.00032           0.00032
LAG_y TGOV1 1                0.93372           0.22047           0.25241           0.62598           0.59943           0.00885           0.00885
LAG_y TGOV1 2                0.42016            0.0752           0.95007           0.70292           0.31249           0.00778           0.00778
LAG_y TGOV1 3                0.17075           0.13733           0.53771           0.94798           0.56083           0.00731           0.00731
LAG_y TGOV1 4                0.55253           0.37638           0.39069           0.38328           0.11345           0.00794           0.00794
LL_x TGOV1 1                 0.00519            0.0006            0.0009           0.08353           0.16217           0.00857           0.00857
LL_x TGOV1 2                 0.00228            0.0002            0.0033           0.09164            0.0826           0.00736           0.00736
LL_x TGOV1 3                 0.00084           0.00033           0.00169           0.11221           0.13459           0.00628           0.00628
LL_x TGOV1 4                 0.00273           0.00091           0.00123           0.04548            0.0273           0.00684           0.00684
vp EXDC2 1                   0.01436           0.00107           0.00685           0.01676           0.03628            0.0175            0.0175
vp EXDC2 2                   0.00485           0.00045           0.00243           0.01845           0.04292           0.01427           0.01427
vp EXDC2 3                   0.00082           0.00211           0.00191           0.01155           0.03391           0.03143           0.03143
vp EXDC2 4                   0.00354           0.00253           0.00575           0.00795           0.02238           0.03145           0.03145
LS_y EXDC2 1                 0.00147           0.00011           0.00069           0.00284             0.008           0.00268           0.00268
LS_y EXDC2 2                 0.00019             2e-05             9e-05           0.00121           0.00366           0.00084           0.00084
LS_y EXDC2 3                   1e-05             3e-05             3e-05           0.00026           0.00099           0.00064           0.00064
LS_y EXDC2 4                   4e-05             3e-05             7e-05           0.00016           0.00059           0.00058           0.00058
LL_x EXDC2 1                       0                 0                 0                 0                 0                 0                 0
LL_x EXDC2 2                       0                 0                 0                 0                 0                 0                 0
LL_x EXDC2 3                       0                 0                 0                 0                 0                 0                 0
LL_x EXDC2 4                       0                 0                 0                 0                 0                 0                 0
LA_y EXDC2 1                 0.00042             3e-05            0.0002           0.00018           0.00012           0.00062           0.00062
LA_y EXDC2 2                 0.00015             1e-05             8e-05           0.00021           0.00015           0.00053           0.00053
LA_y EXDC2 3                   2e-05             5e-05             4e-05            0.0001             9e-05           0.00086           0.00086
LA_y EXDC2 4                 0.00011             8e-05           0.00019            0.0001             8e-05           0.00123           0.00123
W_x EXDC2 1                  0.02589           0.00185           0.01203           0.08666           0.37218           0.07214           0.07214
W_x EXDC2 2                  0.01219           0.00109           0.00594           0.13294           0.61351           0.08195           0.08195
W_x EXDC2 3                   0.0015           0.00373           0.00341           0.06079           0.35412           0.13189           0.13189
W_x EXDC2 4                  0.00808           0.00558           0.01279           0.05209           0.29084            0.1642            0.1642

PARTICIPATION FACTORS [6/8]
                                #43*               #44               #45               #46               #47               #48               #49

delta GENROU 1               0.26792            0.0101            0.0101           0.00481           0.00481           0.00206           0.00206
delta GENROU 2                0.2736           0.00143           0.00143           0.00434           0.00434           0.00177           0.00177
delta GENROU 3               0.23158           0.01154           0.01154           0.00158           0.00158           0.00351           0.00351
delta GENROU 4                0.2269           0.00492           0.00492           0.00293           0.00293           0.00267           0.00267
omega GENROU 1                     0           0.06804           0.06804            0.0315            0.0315           0.00991           0.00991
omega GENROU 2                     0           0.07824           0.07824            0.0307            0.0307            0.0096            0.0096
omega GENROU 3                     0           0.08912           0.08912           0.01271           0.01271           0.01703           0.01703
omega GENROU 4                     0           0.07703           0.07703            0.0105            0.0105           0.01447           0.01447
e1q GENROU 1                       0           0.00171           0.00171           0.08179           0.08179           0.01569           0.01569
e1q GENROU 2                       0           0.00066           0.00066           0.08178           0.08178           0.02088           0.02088
e1q GENROU 3                       0           0.00178           0.00178           0.01818           0.01818           0.09564           0.09564
e1q GENROU 4                       0           0.00323           0.00323           0.01894           0.01894           0.07325           0.07325
e1d GENROU 1                       0           0.00017           0.00017           0.00643           0.00643           0.00096           0.00096
e1d GENROU 2                       0           0.00012           0.00012           0.00501           0.00501           0.00166           0.00166
e1d GENROU 3                       0            0.0002            0.0002             0.001             0.001           0.00608           0.00608
e1d GENROU 4                       0           0.00022           0.00022           0.00166           0.00166           0.00587           0.00587
e2d GENROU 1                       0             2e-05             2e-05           0.00093           0.00093           0.00016           0.00016
e2d GENROU 2                       0             1e-05             1e-05           0.00078           0.00078           0.00022           0.00022
e2d GENROU 3                       0             2e-05             2e-05           0.00015           0.00015           0.00083           0.00083
e2d GENROU 4                       0             3e-05             3e-05           0.00022           0.00022            0.0008            0.0008
e2q GENROU 1                       0             5e-05             5e-05           0.00199           0.00199            0.0003            0.0003
e2q GENROU 2                       0             4e-05             4e-05           0.00156           0.00156           0.00052           0.00052
e2q GENROU 3                       0             6e-05             6e-05           0.00031           0.00031           0.00186           0.00186
e2q GENROU 4                       0             7e-05             7e-05            0.0005            0.0005           0.00178           0.00178
LAG_y TGOV1 1                      0           0.04574           0.04574           0.02068           0.02068            0.0065            0.0065
LAG_y TGOV1 2                      0           0.05506           0.05506           0.02109           0.02109           0.00658           0.00658
LAG_y TGOV1 3                      0           0.04539           0.04539           0.00632           0.00632           0.00846           0.00846
LAG_y TGOV1 4                      0           0.03924           0.03924           0.00522           0.00522           0.00719           0.00719
LL_x TGOV1 1                       0           0.13243           0.13243           0.06981           0.06981           0.02248           0.02248
LL_x TGOV1 2                       0           0.15574           0.15574           0.06958           0.06958           0.02225           0.02225
LL_x TGOV1 3                       0           0.11658           0.11658           0.01894           0.01894           0.02595           0.02595
LL_x TGOV1 4                       0           0.10103           0.10103           0.01568           0.01568           0.02211           0.02211
vp EXDC2 1                         0           0.00133           0.00133           0.01759           0.01759           0.00332           0.00332
vp EXDC2 2                         0           0.00076           0.00076            0.0173            0.0173            0.0043            0.0043
vp EXDC2 3                         0           0.00165           0.00165           0.00509           0.00509           0.02559           0.02559
vp EXDC2 4                         0           0.00224           0.00224           0.00425           0.00425           0.01663           0.01663
LS_y EXDC2 1                       0           0.00014           0.00014           0.00188           0.00188           0.00035           0.00035
LS_y EXDC2 2                       0             3e-05             3e-05           0.00071           0.00071           0.00018           0.00018
LS_y EXDC2 3                       0             2e-05             2e-05             7e-05             7e-05           0.00036           0.00036
LS_y EXDC2 4                       0             3e-05             3e-05             5e-05             5e-05           0.00021           0.00021
LL_x EXDC2 1                       0                 0                 0                 0                 0                 0                 0
LL_x EXDC2 2                       0                 0                 0                 0                 0                 0                 0
LL_x EXDC2 3                       0                 0                 0                 0                 0                 0                 0
LL_x EXDC2 4                       0                 0                 0                 0                 0                 0                 0
LA_y EXDC2 1                       0             5e-05             5e-05           0.00058           0.00058           0.00011           0.00011
LA_y EXDC2 2                       0             3e-05             3e-05            0.0006            0.0006           0.00015           0.00015
LA_y EXDC2 3                       0             4e-05             4e-05           0.00013           0.00013           0.00065           0.00065
LA_y EXDC2 4                       0             9e-05             9e-05           0.00016           0.00016           0.00061           0.00061
W_x EXDC2 1                        0           0.00779           0.00779           0.12682           0.12682           0.02425           0.02425
W_x EXDC2 2                        0           0.00618           0.00618           0.17384           0.17384           0.04378           0.04378
W_x EXDC2 3                        0           0.00981           0.00981           0.03738           0.03738           0.19054           0.19054
W_x EXDC2 4                        0           0.01658           0.01658           0.03882           0.03882           0.15407           0.15407

PARTICIPATION FACTORS [7/8]
                                 #50               #51               #52

delta GENROU 1               0.00288           0.00256             2e-05
delta GENROU 2               0.00165           0.00331             6e-05
delta GENROU 3               0.00221             5e-05           0.00322
delta GENROU 4               0.00305                 0            0.0027
omega GENROU 1                     0                 0                 0
omega GENROU 2                     0                 0                 0
omega GENROU 3                     0                 0                 0
omega GENROU 4                     0                 0                 0
e1q GENROU 1                       0             3e-05                 0
e1q GENROU 2                   2e-05             7e-05                 0
e1q GENROU 3                       0                 0             7e-05
e1q GENROU 4                       0                 0             3e-05
e1d GENROU 1                   1e-05             2e-05                 0
e1d GENROU 2                       0             4e-05                 0
e1d GENROU 3                   1e-05                 0             4e-05
e1d GENROU 4                   1e-05                 0             3e-05
e2d GENROU 1                       0                 0                 0
e2d GENROU 2                       0                 0                 0
e2d GENROU 3                       0                 0                 0
e2d GENROU 4                       0                 0                 0
e2q GENROU 1                       0             1e-05                 0
e2q GENROU 2                       0             1e-05                 0
e2q GENROU 3                       0                 0             1e-05
e2q GENROU 4                       0                 0             1e-05
LAG_y TGOV1 1                 0.0002           0.00018                 0
LAG_y TGOV1 2                0.00011           0.00023                 0
LAG_y TGOV1 3                0.00013                 0           0.00019
LAG_y TGOV1 4                0.00018                 0           0.00016
LL_x TGOV1 1                 0.27903           0.41845           0.00268
LL_x TGOV1 2                 0.15603           0.52911           0.00901
LL_x TGOV1 3                 0.15945           0.00639           0.38835
LL_x TGOV1 4                 0.22084           0.00027           0.32703
vp EXDC2 1                     1e-05             4e-05                 0
vp EXDC2 2                     2e-05             3e-05                 0
vp EXDC2 3                     2e-05                 0             4e-05
vp EXDC2 4                     2e-05                 0             4e-05
LS_y EXDC2 1                       0                 0                 0
LS_y EXDC2 2                       0                 0                 0
LS_y EXDC2 3                       0                 0                 0
LS_y EXDC2 4                       0                 0                 0
LL_x EXDC2 1                       0                 0                 0
LL_x EXDC2 2                       0                 0                 0
LL_x EXDC2 3                       0                 0                 0
LL_x EXDC2 4                       0                 0                 0
LA_y EXDC2 1                       0                 0                 0
LA_y EXDC2 2                       0                 0                 0
LA_y EXDC2 3                       0                 0                 0
LA_y EXDC2 4                       0                 0                 0
W_x EXDC2 1                    8e-05           0.00021                 0
W_x EXDC2 2                  0.00012           0.00024                 0
W_x EXDC2 3                  0.00011                 0           0.00024
W_x EXDC2 4                  0.00011                 0           0.00028

